017057013 11507357    21032000      020924                                                          
0270      11507357001 2103          020924                                                          
6070      11507357001221034016020924000000003347240424                      0001005782543           
6070      11507357001221034022020924000000004436240424                      0001005336023           
8070      11507357001 000004        000000007783                                                    
0270      11507357002 2103          020924                                                          
6070      11507357002221034022020924000000005047250624                      0001024865938           
6070      11507357002221034000020924000000004045270624                      0001027580962           
6070      11507357002221034018020924000000008267270624                      0001027419871           
6070      11507357002221034016020924000000005451270624                      0001027701273           
6070      11507357002421038076020924000000006730140524                      0001012162571           
6070      11507357002221034016020924000000005036110724                      0001029940461           
6070      11507357002421038076020924000000007215090724                      0001030470964           
6070      11507357002221030610020924000000005672250624                      0001024596373           
6070      11507357002221034019020924000000003151120624                      0001022699646           
6070      11507357002221034018020924000000003479030624                      0001017661036           
6070      11507357002221034016020924000000008949030624                      0001018096012           
6070      11507357002221030610020924000000004957120624                      0001022903879           
6070      11507357002221034022020924000000004535260424                      0001007481583           
6070      11507357002221034022020924000000006125250624                      0001024877507           
6070      11507357002221030610020924000000007912090724                      0001030471540           
6070      11507357002221034016020924000000008038260424                      0001008162155           
6070      11507357002221030610020924000000006004120624                      0001022703169           
6070      11507357002221034019020924000000005659120624                      0001022406780           
6070      11507357002221034033020924000000004206060624                      0001020381215           
6070      11507357002121034016020924000000006976250624                      0001024963444           
6070      11507357002221034016020924000000004475030624                      0001017923107           
6070      11507357002421031000020924000000005410140524                      0001012889339           
6070      11507357002221034033020924000000004936080524                      0001010259594           
8070      11507357002 000025        000000132275                                                    
0270      11507357003 2103          020924                                                          
6070      11507357003221034018020924000000004167240424                      0001005110226           
6070      11507357003421038076020924000000006955260424                      0001007228793           
6070      11507357003221034016020924000000004027080524                      0001009972787           
6070      11507357003221034019020924000000004620140524                      0001012888164           
6070      11507357003121034010020924000000010009110424                      0001001019398           
6070      11507357003221030610020924000000006354140524                      0001013096825           
6070      11507357003121034010020924000000007906080524                      0001010829852           
6070      11507357003221034000020924000000005380140524                      0001012553036           
6070      11507357003221034018020924000000002806260424                      0001007926082           
6070      11507357003221034018020924000000004028220524                      0001015077331           
6070      11507357003221034016020924000000007963240424                      0001005074680           
6070      11507357003421038076020924000000002891260424                      0001007700915           
8070      11507357003 000014        000000067106                                                    
0270      11507357004 2103          020924                                                          
6070      11507357004221034019020924000000004549200825                      0001029820510           
6070      11507357004221034000020924000000002567080425                      0000983849109           
6070      11507357004221030610020924000000005134200825                      0001029672236           
6070      11507357004221030610020924000000008679120825                      0001029943855           
6070      11507357004221030610020924000000000155220725                      0001021990150           
6070      11507357004221034016020924000000005145050825                      0001027611508           
6070      11507357004221034059020924000000003855080725                      0001017794519           
6070      11507357004421038076020924000000004525200825                      0001029098578           
6070      11507357004221034059020924000000006472200825                      0001029673741           
6070      11507357004221034059020924000000004538290725                      0001025281633           
6070      11507357004221034016020924000000005762100625                      0001010214186           
6070      11507357004221034016020924000000003769010725                      0001015011959           
6070      11507357004421038076020924000000004979200825                      0001029611125           
6070      11507357004221034019020924000000003605080725                      0001017318980           
6070      11507357004221034081020924000000002734200825                      0001029666272           
6070      11507357004221034022020924000000004358270525                      0001002508122           
6070      11507357004221034018020924000000005332290725                      0001024324384           
6070      11507357004221034033020924000000004599120825                      0001026991200           
6070      11507357004221030610020924000000000694200825                      0001028948574           
6070      11507357004221034042020924000000005383220725                      0001022596905           
6070      11507357004221034016020924000000005560050825                      0001027516559           
6070      11507357004221034016020924000000005804200825                      0001029888020           
6070      11507357004421038076020924000000004646150425                      0000990126783           
6070      11507357004221034033020924000000001870200825                      0001029839972           
6070      11507357004221034033020924000000003519120825                      0001027239455           
6070      11507357004221034042020924000000005172120825                      0001027159080           
6070      11507357004221034019020924000000002753200825                      0001029196495           
8070      11507357004 000029        000000116158                                                    
0270      11507357101 2103          020924                                                          
6070      11507357101421038076020924000000005154110825                      0001029241737           
6070      11507357101421038076020924000000003609210525                      0001004846048           
6070      11507357101221030610020924000000004546100925                      0001039172293           
6070      11507357101421038076020924000000001683220925                      0001044937597           
6070      11507357101221034000020924000000001277100925                      0001039340330           
6070      11507357101421038076020924000000006694300206                      0001039359800           
6070      11507357101221034019020924000000008169100925                      0001039337158           
6070      11507357101221034033020924000000005432020925                      0001036873651           
6070      11507357101221034033020924000000004115020925                      0001037067609           
6070      11507357101221034059020924000000019297291216                      0001020499116           
6070      11507357101221034016020924000000003571020925                      0001036817449           
6070      11507357101221030610020924000000003838100925                      0001039402054           
6070      11507357101221034019020924000000004477100925                      0001039273124           
6070      11507357101221034016020924000000003556100925                      0001039455494           
6070      11507357101221034000020924000000004678291017                      0001005395599           
6070      11507357101221034059020924000000010383291104                      0001010402807           
6070      11507357101221034016020924000000002235200825                      0001032194818           
6070      11507357101221034033020924000000001708020925                      0001036710968           
6070      11507357101221034022020924000000002047200825                      0001031469985           
6070      11507357101221034033020924000000004829020925                      0001037106770           
6070      11507357101221034022020924000000000882260825                      0001034533547           
6070      11507357101221034059020924000000008539020925                      0001036679945           
6070      11507357101221034059020924000000004659100925                      0001040027064           
6070      11507357101221034033020924000000008348070725                      0001020033118           
6070      11507357101421038076020924000000003972110825                      0001029148615           
6070      11507357101221034059020924000000005710110825                      0001029954614           
6070      11507357101221034016020924000000007093300212                      0001042900284           
6070      11507357101421038076020924000000006930030825                      0001027657017           
6070      11507357101421038076020924000000002829030825                      0001027340607           
6070      11507357101221034059020924000000005091100925                      0001039115912           
6070      11507357101221030610020924000000005226110825                      0001029806045           
6070      11507357101221034000020924000000005745020925                      0001037278158           
6070      11507357101221034022020924000000006591200825                      0001031688349           
6070      11507357101221034033020924000000007139100925                      0001039888832           
6070      11507357101221034033020924000000001264100925                      0001039201476           
6070      11507357101221034019020924000000006090100925                      0001039464885           
6070      11507357101221034059020924000000004061291127                      0001017127574           
6070      11507357101421038076020924000000004600130525                      0001000061723           
6070      11507357101221034001020924000000006816300206                      0001040158739           
6070      11507357101221034033020924000000007768080625                      0001010026571           
6070      11507357101221034016020924000000004293200725                      0001022681278           
6070      11507357101421038076020924000000005728020925                      0001037157717           
6070      11507357101221034018020924000000006303260825                      0001034841583           
6070      11507357101221034033020924000000003553020925                      0001036893187           
6070      11507357101221034059020924000000024529300211                      0001041334056           
6070      11507357101221034018020924000000002515100925                      0001039207226           
6070      11507357101321030100020924000000006234300206                      0001039678292           
6070      11507357101421038076020924000000006544220925                      0001045140098           
6070      11507357101221034033020924000000005246020925                      0001037193743           
6070      11507357101221030610020924000000005804010725                      0001017188819           
6070      11507357101221034033020924000000003513100925                      0001039611331           
6070      11507357101421038076020924000000004999140425                      0000989778914           
6070      11507357101221034010020924000000005565300107                      0001029271471           
6070      11507357101421038076020924000000005610080625                      0001010222080           
6070      11507357101221034019020924000000002591260825                      0001034579610           
6070      11507357101221034059020924000000003902110825                      0001029179964           
6070      11507357101221034001020924000000004949100925                      0001040130697           
6070      11507357101221034016020924000000004879200825                      0001031815899           
6070      11507357101221034042020924000000003292200725                      0001022777319           
6070      11507357101221034016020924000000002036260825                      0001034669555           
6070      11507357101221034033020924000000007631100925                      0001039538240           
6070      11507357101221034042020924000000007505200825                      0001031910219           
6070      11507357101421038076020924000000003530260825                      0001034539060           
6070      11507357101221030610020924000000000705070725                      0001019351425           
6070      11507357101221034000020924000000006347220925                      0001045568881           
6070      11507357101221034042020924000000001590100925                      0001039201836           
6070      11507357101421038076020924000000001881220925                      0001045113678           
6070      11507357101221034018020924000000004398020925                      0001036776518           
6070      11507357101221034010020924000000003954110825                      0001029015506           
6070      11507357101221034022020924000000005622260825                      0001034319072           
6070      11507357101221034033020924000000006228100925                      0001039453856           
6070      11507357101221034019020924000000004368200825                      0001032008936           
6070      11507357101421038076020924000000004044220925                      0001045351000           
6070      11507357101221034033020924000000003556020925                      0001037312263           
6070      11507357101221034001020924000000004372291216                      0001020614414           
6070      11507357101221034019020924000000004371100925                      0001039877206           
6070      11507357101221034059020924000000005314070725                      0001019837661           
6070      11507357101221034059020924000000005271100925                      0001039777011           
6070      11507357101221030610020924000000007488100925                      0001038981130           
6070      11507357101421038076020924000000004449050825                      0001027230949           
6070      11507357101221034022020924000000000947260825                      0001034481120           
6070      11507357101221034033020924000000004351020925                      0001036734797           
6070      11507357101221034018020924000000005297100925                      0001040062838           
6070      11507357101221030610020924000000000139200825                      0001031649105           
6070      11507357101221034022020924000000002463260825                      0001033979627           
6070      11507357101421038076020924000000004448220925                      0001045102744           
6070      11507357101221034022020924000000002416260825                      0001033950873           
6070      11507357101421038076020924000000006406300122                      0001034934209           
6070      11507357101121034016020924000000000017260825                      0001034598569           
6070      11507357101421038076020924000000006383291218                      0001025166015           
6070      11507357101221034000020924000000004716200825                      0001031735793           
6070      11507357101221034010020924000000007519291203                      0001019482948           
6070      11507357101221034042020924000000006563160625                      0001012301486           
6070      11507357101221030610020924000000003695100925                      0001038944815           
6070      11507357101221034000020924000000003210200725                      0001022421572           
6070      11507357101221034022020924000000017398020925                      0001037479272           
6070      11507357101221034033020924000000005492110825                      0001029795480           
6070      11507357101421038076020924000000003248200825                      0001031956332           
6070      11507357101221034019020924000000000046100925                      0001039901613           
6070      11507357101221030610020924000000003771020925                      0001036511992           
6070      11507357101221034018020924000000003518100925                      0001039343290           
6070      11507357101221034059020924000000003631050825                      0001026866153           
6070      11507357101221034033020924000000006618100925                      0001039965876           
6070      11507357101221030610020924000000000498100925                      0001039383588           
6070      11507357101221034001020924000000004157100925                      0001039059358           
6070      11507357101221034059020924000000003926110825                      0001029791139           
6070      11507357101121030610020924000000006177100925                      0001039949103           
6070      11507357101221034016020924000000002627291203                      0001020128931           
6070      11507357101421038076020924000000006173070725                      0001019709794           
6070      11507357101221034022020924000000004825200725                      0001022631740           
6070      11507357101221030610020924000000008913100925                      0001039771513           
6070      11507357101121034001020924000000002785100925                      0001040120928           
6070      11507357101221034000020924000000005339260825                      0001034934914           
6070      11507357101221034010020924000000003631070725                      0001018137622           
6070      11507357101221034001020924000000005911291230                      0001027784792           
6070      11507357101221034000020924000000008422300218                      0001045638578           
6070      11507357101421038076020924000000005365300101                      0001026842028           
6070      11507357101221030610020924000000000630110825                      0001029147572           
6070      11507357101221030610020924000000003036020925                      0001036919647           
6070      11507357101221034059020924000000005767100925                      0001039496789           
6070      11507357101221030610020924000000002060100925                      0001039836310           
6070      11507357101221034059020924000000004171291203                      0001019718076           
6070      11507357101221034059020924000000006882100925                      0001039429335           
6070      11507357101421038076020924000000003363300218                      0001044642561           
6070      11507357101221034001020924000000004674300101                      0001026766519           
6070      11507357101221034000020924000000006581300211                      0001042032360           
6070      11507357101221030610020924000000008047100925                      0001039529897           
6070      11507357101221034059020924000000002876080625                      0001010412831           
6070      11507357101421038076020924000000003196200825                      0001032112180           
6070      11507357101221034022020924000000002927200825                      0001031475223           
6070      11507357101221034059020924000000017331300122                      0001033796377           
6070      11507357101421038076020924000000012064020925                      0001037111165           
6070      11507357101421038076020924000000020508100925                      0001040066023           
6070      11507357101321030100020924000000006688020925                      0001036610371           
6070      11507357101221034016020924000000004809100925                      0001039716709           
6070      11507357101421038076020924000000005388300129                      0001036594930           
6070      11507357101221034019020924000000008070100925                      0001039604009           
6070      11507357101321030100020924000000003707260825                      0001034501663           
6070      11507357101221034033020924000000007330070725                      0001020285565           
6070      11507357101221034022020924000000011241260825                      0001034449039           
6070      11507357101121034022020924000000005627260825                      0001034925118           
6070      11507357101421038076020924000000003108100925                      0001039399335           
6070      11507357101421038076020924000000005712291002                      0000998254765           
6070      11507357101421038076020924000000006893300129                      0001036759285           
6070      11507357101221034033020924000000005419110825                      0001029331736           
6070      11507357101221030610020924000000003532110825                      0001029793520           
6070      11507357101221034016020924000000003896280625                      0001014903499           
6070      11507357101221034001020924000000004477100925                      0001039054479           
6070      11507357101321030100020924000000005238300218                      0001044993708           
6070      11507357101221034016020924000000001780020925                      0001036961213           
6070      11507357101321030100020924000000002762100925                      0001039058900           
6070      11507357101221034019020924000000007469020925                      0001037340835           
6070      11507357101221034019020924000000003870100925                      0001039597605           
6070      11507357101221034019020924000000004635100925                      0001039540505           
6070      11507357101221034000020924000000006430220725                      0001025193061           
6070      11507357101221034059020924000000004345300101                      0001027230674           
6070      11507357101421038076020924000000004277060525                      0000997731841           
6070      11507357101221034033020924000000006669300107                      0001029607073           
6070      11507357101221034000020924000000030208260825                      0001033761276           
6070      11507357101221034016020924000000004653260825                      0001034209896           
6070      11507357101221030610020924000000006581160925                      0001042753915           
6070      11507357101221034059020924000000006240110825                      0001029032574           
6070      11507357101321030100020924000000006249220925                      0001045781292           
6070      11507357101221034001020924000000000908300206                      0001040155463           
6070      11507357101221034016020924000000004039300122                      0001034431531           
6070      11507357101221034016020924000000005470080625                      0001009513825           
6070      11507357101221030610020924000000007131100925                      0001039719289           
6070      11507357101221034000020924000000005289260825                      0001034959611           
6070      11507357101221030610020924000000005103160925                      0001042965656           
6070      11507357101221034000020924000000003827291017                      0001005376177           
6070      11507357101221034001020924000000003900300101                      0001026787204           
6070      11507357101221034059020924000000005674110825                      0001029619407           
6070      11507357101421038076020924000000002122150925                      0001043010081           
6070      11507357101421038076020924000000001851100925                      0001037583550           
6070      11507357101421038076020924000000004781100925                      0001038955288           
6070      11507357101221034019020924000000008268080625                      0001010101087           
6070      11507357101421038076020924000000003957291029                      0001006858845           
6070      11507357101421038076020924000000004484110825                      0001029608348           
6070      11507357101421038076020924000000006599291127                      0001017345213           
6070      11507357101221034016020924000000008199100925                      0001039336435           
6070      11507357101221034016020924000000003320291216                      0001022597257           
6070      11507357101221034010020924000000007371300206                      0001039382470           
6070      11507357101221034042020924000000004996200825                      0001032225258           
6070      11507357101221034019020924000000006670020925                      0001037342145           
6070      11507357101221034018020924000000002735260825                      0001034514928           
6070      11507357101221034033020924000000004093020925                      0001036907087           
6070      11507357101221034016020924000000005187020925                      0001037482427           
6070      11507357101221034016020924000000003688200825                      0001032045262           
6070      11507357101421038076020924000000005338020925                      0001036586904           
6070      11507357101221034000020924000000005981200725                      0001022726373           
6070      11507357101221034019020924000000006118100925                      0001039710523           
6070      11507357101221034019020924000000007255100925                      0001039402328           
6070      11507357101421038076020924000000001983260825                      0001034236970           
6070      11507357101321030100020924000000008961260825                      0001034200947           
6070      11507357101221030610020924000000004379260825                      0001035065359           
6070      11507357101421038076020924000000004481290924                      0000994578910           
6070      11507357101221034059020924000000003453100925                      0001039102638           
6070      11507357101421038076020924000000004070020925                      0001036597799           
6070      11507357101421038076020924000000001025100925                      0001039922489           
6070      11507357101221034059020924000000003430080625                      0001010025256           
6070      11507357101221034059020924000000003064100925                      0001039783024           
6070      11507357101421038076020924000000007666220925                      0001045053929           
6070      11507357101221034059020924000000004079100925                      0001039936199           
6070      11507357101221034033020924000000002993020925                      0001036661255           
6070      11507357101221034018020924000000001156260825                      0001034680252           
6070      11507357101221030610020924000000005228100925                      0001039810114           
6070      11507357101321030100020924000000004354020925                      0001037197424           
6070      11507357101421038076020924000000003652200825                      0001031993928           
6070      11507357101221034059020924000000004071100925                      0001040117043           
6070      11507357101421038076020924000000002995280625                      0001014939457           
6070      11507357101321030100020924000000003124100925                      0001039807807           
6070      11507357101221034059020924000000004112070725                      0001019842055           
6070      11507357101421038076020924000000008677300129                      0001037184462           
6070      11507357101221034016020924000000004973100925                      0001039765438           
6070      11507357101221034059020924000000003361020925                      0001036485785           
6070      11507357101221030610020924000000003978110825                      0001029805438           
6070      11507357101221030610020924000000004519100925                      0001039251603           
6070      11507357101221034059020924000000005821100925                      0001039120611           
6070      11507357101221034033020924000000004203020925                      0001037257659           
6070      11507357101221034042020924000000009393290115                      0000905948595           
6070      11507357101221034059020924000000004358020925                      0001037500000           
6070      11507357101221030610020924000000006400110825                      0001029795048           
6070      11507357101221034022020924000000001395260825                      0001034505903           
6070      11507357101421038076020924000000002734100925                      0001039698635           
6070      11507357101221034016020924000000004825220725                      0001025152435           
6070      11507357101221034022020924000000004714260825                      0001033722656           
6070      11507357101221030610020924000000004990290903                      0000987520673           
6070      11507357101221034033020924000000008416030825                      0001027288683           
6070      11507357101421038076020924000000014261020925                      0001037478315           
6070      11507357101221034000020924000000005152260825                      0001034353500           
6070      11507357101421038076020924000000004006100925                      0001039157799           
6070      11507357101221034059020924000000002910110825                      0001029336969           
6070      11507357101221034000020924000000004132100925                      0001039346919           
6070      11507357101221034059020924000000001606100925                      0001039235275           
6070      11507357101321030100020924000000002445200825                      0001031989320           
6070      11507357101221034059020924000000003185020925                      0001036478442           
6070      11507357101221034033020924000000006545020925                      0001037014155           
6070      11507357101421038076020924000000000981220725                      0001024607416           
6070      11507357101221034018020924000000005434220925                      0001044734523           
6070      11507357101221030610020924000000008577300206                      0001040061228           
6070      11507357101321030100020924000000004883020925                      0001037308435           
6070      11507357101221030610020924000000006372100925                      0001039969888           
6070      11507357101421038076020924000000004020050825                      0001027147254           
6070      11507357101421038076020924000000007684160625                      0001012399222           
6070      11507357101421038076020924000000003543291104                      0001010494414           
6070      11507357101121034033020924000000001555100925                      0001039374888           
6070      11507357101221034010020924000000005496300206                      0001038998461           
6070      11507357101421038076020924000000005965220725                      0001024088527           
6070      11507357101421038076020924000000005826300212                      0001042980364           
6070      11507357101221034033020924000000005675020925                      0001037398094           
6070      11507357101221030610020924000000006418030825                      0001027290424           
6070      11507357101221034000020924000000009167291218                      0001024501694           
6070      11507357101221034033020924000000004442020925                      0001036901188           
6070      11507357101421038076020924000000000750300122                      0001034391337           
6070      11507357101221034059020924000000004166020925                      0001037520290           
6070      11507357101221034059020924000000012722300206                      0001039905659           
6070      11507357101221034000020924000000006422100925                      0001039418718           
6070      11507357101221034019020924000000006741100925                      0001039106409           
6070      11507357101121034059020924000000004853100925                      0001039471591           
6070      11507357101221034033020924000000008621020925                      0001037035792           
6070      11507357101221034059020924000000002286260825                      0001033896863           
6070      11507357101221034059020924000000003416110825                      0001029911325           
6070      11507357101221034042020924000000005639260825                      0001034260854           
6070      11507357101221034018020924000000004081260825                      0001034058942           
6070      11507357101421038076020924000000006816150925                      0001041764582           
6070      11507357101221034016020924000000003488300116                      0001032225548           
6070      11507357101221034019020924000000004696070725                      0001019434653           
6070      11507357101221034033020924000000005105100925                      0001039835678           
6070      11507357101221034059020924000000003997100925                      0001039989435           
6070      11507357101221034019020924000000005158110825                      0001029610827           
6070      11507357101221034019020924000000004773110825                      0001029227180           
6070      11507357101221030610020924000000005932200825                      0001031402872           
6070      11507357101221034059020924000000005207160625                      0001011960994           
6070      11507357101221030610020924000000004250100925                      0001039816754           
6070      11507357101221034016020924000000000922260825                      0001034372071           
6070      11507357101221034019020924000000005924100925                      0001039337074           
6070      11507357101321030100020924000000004520100925                      0001039400369           
6070      11507357101221034059020924000000001836020925                      0001036520994           
6070      11507357101221034016020924000000000643200825                      0001032139529           
6070      11507357101221034022020924000000004850200825                      0001031743674           
6070      11507357101421038076020924000000003285020925                      0001036376688           
6070      11507357101221034059020924000000004936100925                      0001040006392           
6070      11507357101221034033020924000000003623291104                      0001009720609           
6070      11507357101421038076020924000000002956300218                      0001045072350           
8070      11507357101 000286        000001456098                                                    
0270      11507357102 2103          020924                                                          
6070      11507357102421038076020924000000004510020925                      0001026897349           
6070      11507357102421038076020924000000001801260825                      0001032418206           
6070      11507357102221034001020924000000004529050825                      0001027789210           
6070      11507357102421038076020924000000002742120825                      0001026860858           
6070      11507357102221034052020924000000001804220725                      0001022625103           
6070      11507357102421038076020924000000001179020925                      0001034619870           
8070      11507357102 000008        000000016565                                                    
9070      11507357    000368        000001795985                                                    
